0 29766 0 0
3 29766 0 0
2 0 1456 1722066484
3 0 0 0
2 1 1456 3274695464
3 1 0 0
2 2 1456 253883163
3 2 0 0
2 3 1456 4275042752
3 3 0 0
2 4 1456 3527785061
3 4 0 0
2 5 1456 2720301837
3 5 0 0
2 6 1456 852731653
3 6 0 0
2 7 1456 443144210
3 7 0 0
2 8 1456 980865875
3 8 0 0
2 9 1456 2024366570
3 9 0 0
2 10 1456 4019978859
3 10 0 0
2 11 1456 2278744834
3 11 0 0
2 12 1456 909548563
3 12 0 0
2 13 1456 555807024
3 13 0 0
2 14 1456 2152908270
3 14 0 0
2 15 1456 228098861
3 15 0 0
2 16 1456 2272555117
3 16 0 0
2 17 1456 3815812588
3 17 0 0
2 18 1456 3850980689
3 18 0 0
2 19 1456 3403287107
3 19 0 0
2 20 1456 3856988636
3 20 0 0
2 21 1456 914475262
3 21 0 0
2 22 1456 2509958541
3 22 0 0
2 23 1456 1010980508
3 23 0 0
2 24 1456 403297101
3 24 0 0
2 25 1456 1450613568
3 25 0 0
2 26 1456 2414155702
3 26 0 0
2 27 1456 560046518
3 27 0 0
2 28 1456 475896689
3 28 0 0
2 29 1456 528045891
3 29 0 0
2 30 1456 1216521113
3 30 0 0
2 31 1456 3380123715
3 31 0 0
2 32 1456 4014644321
3 32 0 0
2 33 1456 4080726383
3 33 0 0
2 34 1456 2188306790
3 34 0 0
2 35 1456 1513479070
3 35 0 0
2 36 1456 3401978714
3 36 0 0
2 37 1456 884951390
3 37 0 0
2 38 1456 1850978959
3 38 0 0
2 39 1456 4146703992
3 39 0 0
2 40 1456 3203277825
3 40 0 0
2 41 1456 1030586192
3 41 0 0
2 42 1456 2634579684
3 42 0 0
2 43 1456 2596285726
3 43 0 0
2 44 1456 1061141766
3 44 0 0
2 45 1456 2582120408
3 45 0 0
2 46 1456 602020033
3 46 0 0
2 47 1456 1748941970
3 47 0 0
2 48 1456 3662117245
3 48 0 0
2 49 1456 2099584228
3 49 0 0
2 50 1456 3932470864
3 50 0 0
2 51 1456 586701964
3 51 0 0
2 52 1456 1703972253
3 52 0 0
2 53 1456 2657643940
3 53 0 0
2 54 1456 2582508147
3 54 0 0
2 55 1456 1302752074
3 55 0 0
2 56 1456 1076686337
3 56 0 0
2 57 1456 1204120969
3 57 0 0
2 58 1456 328598054
3 58 0 0
2 59 1456 444089675
3 59 0 0
2 60 1456 860906663
3 60 0 0
2 61 1456 2546662049
3 61 0 0
2 62 1456 247118166
3 62 0 0
2 63 1456 454029715
3 63 0 0
2 64 1456 1294660763
3 64 0 0
2 65 1456 2008272717
3 65 0 0
2 66 1456 2184113653
3 66 0 0
2 67 1456 2821253358
3 67 0 0
2 68 1456 1249108112
3 68 0 0
2 69 1456 3933067572
3 69 0 0
2 70 1456 608833280
3 70 0 0
2 71 1456 2808606216
3 71 0 0
2 72 1456 2946197677
3 72 0 0
2 73 1456 832559858
3 73 0 0
2 74 1456 1920008864
3 74 0 0
2 75 1456 1454695130
3 75 0 0
2 76 1456 2356118318
3 76 0 0
2 77 1456 3728867474
3 77 0 0
2 78 1456 2247734791
3 78 0 0
2 79 1456 1200822570
3 79 0 0
2 80 1456 4157083368
3 80 0 0
2 81 1456 356614732
3 81 0 0
2 82 1456 2582117766
3 82 0 0
2 83 1456 2558576558
3 83 0 0
2 84 1456 981535589
3 84 0 0
2 85 1456 1547064500
3 85 0 0
2 86 1456 2896122691
3 86 0 0
2 87 1456 391786727
3 87 0 0
2 88 1456 1648703619
3 88 0 0
2 89 1456 714737157
3 89 0 0
2 90 1456 2854687791
3 90 0 0
2 91 1456 2031376551
3 91 0 0
2 92 1456 1360893655
3 92 0 0
2 93 1456 1365539410
3 93 0 0
2 94 1456 2922486395
3 94 0 0
2 95 1456 1362737265
3 95 0 0
2 96 1456 387346988
3 96 0 0
2 97 1456 4179855851
3 97 0 0
2 98 1456 4154632601
3 98 0 0
2 99 1456 2287584312
3 99 0 0
2 100 1456 3343975041
3 100 0 0
2 101 1456 1076174994
3 101 0 0
2 102 1456 1391712841
3 102 0 0
2 103 1456 2059802768
3 103 0 0
2 104 1456 3425798594
3 104 0 0
2 105 1456 3286457470
3 105 0 0
2 106 1456 2351873411
3 106 0 0
2 107 1456 616782875
3 107 0 0
2 108 1456 1534843475
3 108 0 0
2 109 1456 2837577128
3 109 0 0
2 110 1456 1441163257
3 110 0 0
2 111 1456 1035790875
3 111 0 0
2 112 1456 3398765743
3 112 0 0
2 113 1456 1878637572
3 113 0 0
2 114 1456 3682828554
3 114 0 0
2 115 1456 1475265526
3 115 0 0
2 116 1456 3132905853
3 116 0 0
2 117 1456 606028336
3 117 0 0
2 118 1456 2780473724
3 118 0 0
2 119 1456 3824567212
3 119 0 0
2 120 1456 4171528839
3 120 0 0
2 121 1456 3627550992
3 121 0 0
2 122 1456 3492498993
3 122 0 0
2 123 1456 2746893882
3 123 0 0
2 124 1456 3906815557
3 124 0 0
2 125 1456 3325843523
3 125 0 0
2 126 1456 2817036246
3 126 0 0
2 127 1456 3948949636
3 127 0 0
2 128 1456 1991969417
3 128 0 0
2 129 1456 3649859728
3 129 0 0
2 130 1456 1766861049
3 130 0 0
2 131 1456 4115882208
3 131 0 0
2 132 1456 1643033764
3 132 0 0
2 133 1456 3354615318
3 133 0 0
2 134 1456 239777457
3 134 0 0
2 135 1456 3555746739
3 135 0 0
2 136 1456 2209033288
3 136 0 0
2 137 1456 763826076
3 137 0 0
2 138 1456 3122845762
3 138 0 0
2 139 1456 2147164315
3 139 0 0
2 140 1456 1286108112
3 140 0 0
2 141 1456 2503746136
3 141 0 0
2 142 1456 5366469
3 142 0 0
2 143 1456 3258057142
3 143 0 0
2 144 1456 2393850290
3 144 0 0
2 145 1456 2545529464
3 145 0 0
2 146 1456 2606081460
3 146 0 0
2 147 1456 3962971480
3 147 0 0
2 148 1456 453918414
3 148 0 0
2 149 1456 321103432
3 149 0 0
2 150 1456 4052275955
3 150 0 0
2 151 1456 2508936391
3 151 0 0
2 152 1456 3188267517
3 152 0 0
2 153 1456 3187307586
3 153 0 0
2 154 1456 2414108491
3 154 0 0
2 155 1456 507270463
3 155 0 0
2 156 1456 3010392638
3 156 0 0
2 157 1456 695754511
3 157 0 0
2 158 982 3264520745
3 158 0 0
1 0 0 0
3 0 0 0
0 0 0 0
3 0 0 0
2 0 1456 1722066484
3 0 0 0
2 1 1456 3274695464
3 1 0 0
2 2 1456 253883163
3 2 0 0
2 3 1456 4275042752
3 3 0 0
2 4 1456 3527785061
3 4 0 0
2 5 1456 2720301837
3 5 0 0
2 6 1456 852731653
3 6 0 0
2 7 1456 443144210
3 7 0 0
2 8 1456 980865875
3 8 0 0
2 9 1456 2024366570
3 9 0 0
2 10 1456 4019978859
3 10 0 0
2 11 1456 2278744834
3 11 0 0
2 12 1456 909548563
3 12 0 0
2 13 1456 555807024
3 13 0 0
2 14 1456 2152908270
3 14 0 0
2 15 1456 228098861
3 15 0 0
2 16 1456 2272555117
3 16 0 0
2 17 1456 3815812588
3 17 0 0
2 18 1456 3850980689
3 18 0 0
2 19 1456 3403287107
3 19 0 0
2 20 1456 3856988636
3 20 0 0
2 21 1456 914475262
3 21 0 0
2 22 1456 2509958541
3 22 0 0
2 23 1456 1010980508
3 23 0 0
2 24 1456 403297101
3 24 0 0
2 25 1456 1450613568
3 25 0 0
2 26 1456 2414155702
3 26 0 0
2 27 1456 560046518
3 27 0 0
2 28 1456 475896689
3 28 0 0
2 29 1456 528045891
3 29 0 0
2 30 1456 1216521113
3 30 0 0
2 31 1456 3380123715
3 31 0 0
2 32 1456 4014644321
3 32 0 0
2 33 1456 4080726383
3 33 0 0
2 34 1456 2188306790
3 34 0 0
2 35 1456 1513479070
3 35 0 0
2 36 1456 3401978714
3 36 0 0
2 37 1456 884951390
3 37 0 0
2 38 1456 1850978959
3 38 0 0
2 39 1456 4146703992
3 39 0 0
2 40 1456 3203277825
3 40 0 0
2 41 1456 1030586192
3 41 0 0
2 42 1456 2634579684
3 42 0 0
2 43 1456 2596285726
3 43 0 0
2 44 1456 1061141766
3 44 0 0
2 45 1456 2582120408
3 45 0 0
2 46 1456 602020033
3 46 0 0
2 47 1456 1748941970
3 47 0 0
2 48 1456 3662117245
3 48 0 0
2 49 1456 2099584228
3 49 0 0
2 50 1456 3932470864
3 50 0 0
2 51 1456 586701964
3 51 0 0
2 52 1456 1703972253
3 52 0 0
2 53 1456 2657643940
3 53 0 0
2 54 1456 2582508147
3 54 0 0
2 55 1456 1302752074
3 55 0 0
2 56 1456 1076686337
3 56 0 0
2 57 1456 1204120969
3 57 0 0
2 58 1456 328598054
3 58 0 0
2 59 1456 444089675
3 59 0 0
2 60 1456 860906663
3 60 0 0
2 61 1456 2546662049
3 61 0 0
2 62 1456 247118166
3 62 0 0
2 63 1456 454029715
3 63 0 0
2 64 1456 1294660763
3 64 0 0
2 65 1456 2008272717
3 65 0 0
2 66 1456 2184113653
3 66 0 0
2 67 1456 2821253358
3 67 0 0
2 68 1456 1249108112
3 68 0 0
2 69 1456 3933067572
3 69 0 0
2 70 1456 608833280
3 70 0 0
2 71 1456 2808606216
3 71 0 0
2 72 1456 2946197677
3 72 0 0
2 73 1456 832559858
3 73 0 0
2 74 1456 1920008864
3 74 0 0
2 75 1456 1454695130
3 75 0 0
2 76 1456 2356118318
3 76 0 0
2 77 1456 3728867474
3 77 0 0
2 78 1456 2247734791
3 78 0 0
2 79 1456 1200822570
3 79 0 0
2 80 1456 4157083368
3 80 0 0
2 81 1456 356614732
3 81 0 0
2 82 1456 2582117766
3 82 0 0
2 83 1456 2558576558
3 83 0 0
2 84 1456 981535589
3 84 0 0
2 85 1456 1547064500
3 85 0 0
2 86 1456 2896122691
3 86 0 0
2 87 1456 391786727
3 87 0 0
2 88 1456 1648703619
3 88 0 0
2 89 1456 714737157
3 89 0 0
2 90 1456 2854687791
3 90 0 0
2 91 1456 2031376551
3 91 0 0
2 92 1456 1360893655
3 92 0 0
2 93 1456 1365539410
3 93 0 0
2 94 1456 2922486395
3 94 0 0
2 95 1456 1362737265
3 95 0 0
2 96 1456 387346988
3 96 0 0
2 97 1456 4179855851
3 97 0 0
2 98 1456 4154632601
3 98 0 0
2 99 1456 2287584312
3 99 0 0
2 100 1456 3343975041
3 100 0 0
2 101 1456 1076174994
3 101 0 0
2 102 1456 1391712841
3 102 0 0
2 103 1456 2059802768
3 103 0 0
2 104 1456 3425798594
3 104 0 0
2 105 1456 3286457470
3 105 0 0
2 106 1456 2351873411
3 106 0 0
2 107 1456 616782875
3 107 0 0
2 108 1456 1534843475
3 108 0 0
2 109 1456 2837577128
3 109 0 0
2 110 1456 1441163257
3 110 0 0
2 111 1456 1035790875
3 111 0 0
2 112 1456 3398765743
3 112 0 0
2 113 1456 1878637572
3 113 0 0
2 114 1456 3682828554
3 114 0 0
2 115 1456 1475265526
3 115 0 0
2 116 1456 3132905853
3 116 0 0
2 117 1456 606028336
3 117 0 0
2 118 1456 2780473724
3 118 0 0
2 119 1456 3824567212
3 119 0 0
2 120 1456 4171528839
3 120 0 0
2 121 1456 3627550992
3 121 0 0
2 122 1456 3492498993
3 122 0 0
2 123 1456 2746893882
3 123 0 0
2 124 1456 3906815557
3 124 0 0
2 125 1456 3325843523
3 125 0 0
2 126 1456 2817036246
3 126 0 0
2 127 1456 3948949636
3 127 0 0
2 128 1456 1991969417
3 128 0 0
2 129 1456 3649859728
3 129 0 0
2 130 1456 1766861049
3 130 0 0
2 131 1456 4115882208
3 131 0 0
2 132 1456 1643033764
3 132 0 0
2 133 1456 3354615318
3 133 0 0
2 134 1456 239777457
3 134 0 0
2 135 1456 3555746739
3 135 0 0
2 136 1456 2209033288
3 136 0 0
2 137 1456 763826076
3 137 0 0
2 138 1456 3122845762
3 138 0 0
2 139 1456 2147164315
3 139 0 0
2 140 1456 1286108112
3 140 0 0
2 141 1456 2503746136
3 141 0 0
2 142 1456 5366469
3 142 0 0
2 143 1456 3258057142
3 143 0 0
2 144 1456 2393850290
3 144 0 0
2 145 1456 2545529464
3 145 0 0
2 146 1456 2606081460
3 146 0 0
2 147 1456 3962971480
3 147 0 0
2 148 1456 453918414
3 148 0 0
2 149 1456 321103432
3 149 0 0
2 150 1456 4052275955
3 150 0 0
2 151 1456 2508936391
3 151 0 0
2 152 1456 3188267517
3 152 0 0
2 153 1456 3187307586
3 153 0 0
2 154 1456 2414108491
3 154 0 0
2 155 1456 507270463
3 155 0 0
2 156 1456 3010392638
3 156 0 0
2 157 1456 695754511
3 157 0 0
2 158 982 3264520745
3 158 0 0
1 0 0 0
3 0 0 0
0 29704 0 0
3 29704 0 0
2 0 1456 1722066484
3 0 0 0
2 1 1456 3274695464
3 1 0 0
2 2 1456 253883163
3 2 0 0
2 3 1456 4275042752
3 3 0 0
2 4 1456 3527785061
3 4 0 0
2 5 1456 2720301837
3 5 0 0
2 6 1456 852731653
3 6 0 0
2 7 1456 443144210
3 7 0 0
2 8 1456 980865875
3 8 0 0
2 9 1456 2024366570
3 9 0 0
2 10 1456 4019978859
3 10 0 0
2 11 1456 2278744834
3 11 0 0
2 12 1456 909548563
3 12 0 0
2 13 1456 555807024
3 13 0 0
2 14 1456 2152908270
3 14 0 0
2 15 1456 228098861
3 15 0 0
2 16 1456 2272555117
3 16 0 0
2 17 1456 3815812588
3 17 0 0
2 18 1456 3850980689
3 18 0 0
2 19 1456 3403287107
3 19 0 0
2 20 1456 3856988636
3 20 0 0
2 21 1456 914475262
3 21 0 0
2 22 1456 2509958541
3 22 0 0
2 23 1456 1010980508
3 23 0 0
2 24 1456 403297101
3 24 0 0
2 25 1456 1450613568
3 25 0 0
2 26 1456 2414155702
3 26 0 0
2 27 1456 560046518
3 27 0 0
2 28 1456 475896689
3 28 0 0
2 29 1456 528045891
3 29 0 0
2 30 1456 1216521113
3 30 0 0
2 31 1456 3380123715
3 31 0 0
2 32 1456 4014644321
3 32 0 0
2 33 1456 4080726383
3 33 0 0
2 34 1456 2188306790
3 34 0 0
2 35 1456 1513479070
3 35 0 0
2 36 1456 3401978714
3 36 0 0
2 37 1456 884951390
3 37 0 0
2 38 1456 1850978959
3 38 0 0
2 39 1456 4146703992
3 39 0 0
2 40 1456 3203277825
3 40 0 0
2 41 1456 1030586192
3 41 0 0
2 42 1456 2634579684
3 42 0 0
2 43 1456 2596285726
3 43 0 0
2 44 1456 1061141766
3 44 0 0
2 45 1456 2582120408
3 45 0 0
2 46 1456 602020033
3 46 0 0
2 47 1456 1748941970
3 47 0 0
2 48 1456 3662117245
3 48 0 0
2 49 1456 2099584228
3 49 0 0
2 50 1456 3932470864
3 50 0 0
2 51 1456 586701964
3 51 0 0
2 52 1456 1703972253
3 52 0 0
2 53 1456 2657643940
3 53 0 0
2 54 1456 2582508147
3 54 0 0
2 55 1456 1302752074
3 55 0 0
2 56 1456 1076686337
3 56 0 0
2 57 1456 1204120969
3 57 0 0
2 58 1456 328598054
3 58 0 0
2 59 1456 444089675
3 59 0 0
2 60 1456 860906663
3 60 0 0
2 61 1456 2546662049
3 61 0 0
2 62 1456 247118166
3 62 0 0
2 63 1456 454029715
3 63 0 0
2 64 1456 1294660763
3 64 0 0
2 65 1456 2008272717
3 65 0 0
2 66 1456 2184113653
3 66 0 0
2 67 1456 2821253358
3 67 0 0
2 68 1456 1249108112
3 68 0 0
2 69 1456 3933067572
3 69 0 0
2 70 1456 608833280
3 70 0 0
2 71 1456 2808606216
3 71 0 0
2 72 1456 2946197677
3 72 0 0
2 73 1456 832559858
3 73 0 0
2 74 1456 1920008864
3 74 0 0
2 75 1456 1454695130
3 75 0 0
2 76 1456 2356118318
3 76 0 0
2 77 1456 3728867474
3 77 0 0
2 78 1456 2247734791
3 78 0 0
2 79 1456 1200822570
3 79 0 0
2 80 1456 4157083368
3 80 0 0
2 81 1456 356614732
3 81 0 0
2 82 1456 2582117766
3 82 0 0
2 83 1456 2558576558
3 83 0 0
2 84 1456 981535589
3 84 0 0
2 85 1456 1547064500
3 85 0 0
2 86 1456 2896122691
3 86 0 0
2 87 1456 391786727
3 87 0 0
2 88 1456 1648703619
3 88 0 0
2 89 1456 714737157
3 89 0 0
2 90 1456 2854687791
3 90 0 0
2 91 1456 2031376551
3 91 0 0
2 92 1456 1360893655
3 92 0 0
2 93 1456 1365539410
3 93 0 0
2 94 1456 2922486395
3 94 0 0
2 95 1456 1362737265
3 95 0 0
2 96 1456 387346988
3 96 0 0
2 97 1456 4179855851
3 97 0 0
2 98 1456 4154632601
3 98 0 0
2 99 1456 2287584312
3 99 0 0
2 100 1456 3343975041
3 100 0 0
2 101 1456 1076174994
3 101 0 0
2 102 1456 1391712841
3 102 0 0
2 103 1456 2059802768
3 103 0 0
2 104 1456 3425798594
3 104 0 0
2 105 1456 3286457470
3 105 0 0
2 106 1456 2351873411
3 106 0 0
2 107 1456 616782875
3 107 0 0
2 108 1456 1534843475
3 108 0 0
2 109 1456 2837577128
3 109 0 0
2 110 1456 1441163257
3 110 0 0
2 111 1456 1035790875
3 111 0 0
2 112 1456 3398765743
3 112 0 0
2 113 1456 1878637572
3 113 0 0
2 114 1456 3682828554
3 114 0 0
2 115 1456 1475265526
3 115 0 0
2 116 1456 3132905853
3 116 0 0
2 117 1456 606028336
3 117 0 0
2 118 1456 2780473724
3 118 0 0
2 119 1456 3824567212
3 119 0 0
2 120 1456 4171528839
3 120 0 0
2 121 1456 3627550992
3 121 0 0
2 122 1456 3492498993
3 122 0 0
2 123 1456 2746893882
3 123 0 0
2 124 1456 3906815557
3 124 0 0
2 125 1456 3325843523
3 125 0 0
2 126 1456 2817036246
3 126 0 0
2 127 1456 3948949636
3 127 0 0
2 128 1456 1991969417
3 128 0 0
2 129 1456 3649859728
3 129 0 0
2 130 1456 1766861049
3 130 0 0
2 131 1456 4115882208
3 131 0 0
2 132 1456 1643033764
3 132 0 0
2 133 1456 3354615318
3 133 0 0
2 134 1456 239777457
3 134 0 0
2 135 1456 3555746739
3 135 0 0
2 136 1456 2209033288
3 136 0 0
2 137 1456 763826076
3 137 0 0
2 138 1456 3122845762
3 138 0 0
2 139 1456 2147164315
3 139 0 0
2 140 1456 1286108112
3 140 0 0
2 141 1456 2503746136
3 141 0 0
2 142 1456 5366469
3 142 0 0
2 143 1456 3258057142
3 143 0 0
2 144 1456 2393850290
3 144 0 0
2 145 1456 2545529464
3 145 0 0
2 146 1456 2606081460
3 146 0 0
2 147 1456 3962971480
3 147 0 0
2 148 1456 453918414
3 148 0 0
2 149 1456 321103432
3 149 0 0
2 150 1456 4052275955
3 150 0 0
2 151 1456 2508936391
3 151 0 0
2 152 1456 3188267517
3 152 0 0
2 153 1456 3187307586
3 153 0 0
2 154 1456 2414108491
3 154 0 0
2 155 1456 507270463
3 155 0 0
2 156 1456 3010392638
3 156 0 0
2 157 1456 695754511
3 157 0 0
2 158 982 3264520745
3 158 0 0
1 0 0 0
3 0 0 0
